Day fraction since midnight on 	pH probe (pH)	Source pressure (Pa)
0.6374130643	7.2857251167	0.0000000000
0.6374246440	7.2842826843	0.0000000000
0.6374362224	7.2889728546	0.0000000000
0.6374477854	7.2864265442	0.0000000000
0.6374593647	7.2802309990	0.0000000000
0.6374709334	7.2933888435	0.0000000000
0.6374825105	7.2968368530	0.0000000000
0.6374940803	7.2911043167	0.0000000000
0.6375056597	7.2852454185	0.0000000000
0.6375172305	7.2775754929	0.0000000000
0.6375288099	7.2862992287	0.0000000000
0.6375403854	7.2846460342	0.0000000000
0.6375519521	7.2970800400	0.0000000000
0.6375635361	7.2877707481	0.0000000000
0.6375751028	7.2939825058	0.0000000000
0.6375866727	7.2804355621	0.0000000000
0.6375982514	7.2914228439	0.0000000000
0.6376098192	7.2817311287	0.0000000000
0.6376214037	7.2850275040	0.0000000000
0.6376329729	7.2733650208	0.0000000000
0.6376445455	7.2818751335	0.0000000000
0.6376561206	7.2732176781	0.0000000000
0.6376677102	7.2748894691	0.0000000000
0.6376792688	7.2793922424	0.0000000000
0.6376908485	7.2711954117	0.0000000000
0.6377024238	7.2701473236	0.0000000000
0.6377139910	7.2402987480	0.0000000000
0.6377255677	7.2454562187	0.0000000000
0.6377371527	7.2278327942	0.0000000000
0.6377487132	7.2385540009	0.0000000000
0.6377602861	7.2202754021	0.0000000000
0.6377718581	7.2407488823	0.0000000000
0.6377834474	7.2176218033	0.0000000000
0.6377950224	7.2429852486	0.0000000000
0.6378065796	7.1968326569	0.0000000000
0.6378181728	7.2245440483	0.0000000000
0.6378297331	7.2800397873	0.0000000000
0.6378413211	7.3518695831	0.0000000000
0.6378528738	7.2169833183	0.0000000000
0.6378644580	7.2817749977	0.0000000000
0.6378760210	7.2757940292	0.0000000000
0.6378875986	7.3081922531	0.0000000000
0.6378991765	7.2933487892	0.0000000000
0.6379107541	7.2628617287	0.0000000000
0.6379223231	7.3176302910	0.0000000000
0.6379338918	7.3040032387	0.0000000000
0.6379454699	7.3132252693	0.0000000000
0.6379570470	7.1966371536	0.0000000000
0.6379686181	7.2627511024	0.0000000000
0.6379802077	7.2824835777	0.0000000000
0.6379917690	7.2726459503	0.0000000000
0.6380033401	7.1860756874	0.0000000000
0.6380149152	7.2741079330	0.0000000000
0.6380265003	7.2979817390	0.0000000000
0.6380380638	7.3070287704	0.0000000000
0.6380496313	7.1472339630	0.0000000000
0.6380612168	7.2306303978	0.0000000000
0.6380727835	7.1496448517	0.0000000000
0.6380843574	7.2571921349	0.0000000000
0.6380959368	7.2552127838	0.0000000000
0.6381075071	7.1643791199	0.0000000000
0.6381190961	7.1389698982	0.0000000000
0.6381306614	7.2573537827	0.0000000000
0.6381422236	7.1652965546	0.0000000000
0.6381538173	7.2033433914	0.0000000000
0.6381653848	7.1423225403	0.0000000000
0.6381769548	7.2135472298	0.0000000000
0.6381885232	7.1788434982	0.0000000000
0.6382000952	7.1024198532	0.0000000000
0.6382116789	7.1759247780	0.0000000000
0.6382232411	7.1666641235	0.0000000000
0.6382348257	7.1157140732	0.0000000000
0.6382463937	7.1519298553	0.0000000000
0.6382579673	7.1472339630	0.0000000000
0.6382695420	7.2081689835	0.0000000000
0.6382811198	7.1725816727	0.0000000000
0.6382926914	7.0750021935	0.0000000000
0.6383042683	7.1245260239	0.0000000000
0.6383158384	7.0758657455	0.0000000000
0.6383274135	7.1296315193	0.0000000000
0.6383389901	7.2141332626	0.0000000000
0.6383505673	7.1611175537	0.0000000000
0.6383621393	7.0566339493	0.0000000000
0.6383737142	7.1687302589	0.0000000000
0.6383852901	7.1673684120	0.0000000000
0.6383968596	7.0461816788	0.0000000000
0.6384084365	7.0235266685	0.0000000000
0.6384200069	7.1489610672	0.0000000000
0.6384315744	7.0942339897	0.0000000000
0.6384431523	7.0241441727	0.0000000000
0.6384547218	7.1086983681	0.0000000000
0.6384662963	7.1323566437	0.0000000000
0.6384778736	7.0330834389	0.0000000000
0.6384894563	7.1123528481	0.0000000000
0.6385010221	7.1048483849	0.0000000000
0.6385125953	7.0856904984	0.0000000000
0.6385241783	7.1027779579	0.0000000000
0.6385357520	7.0961747169	0.0000000000
0.6385473221	7.0473937988	0.0000000000
0.6385588986	7.0219640732	0.0000000000
0.6385704773	7.0995621681	0.0000000000
0.6385820421	7.0045156479	0.0000000000
0.6385936241	7.0417132378	0.0000000000
0.6386051865	7.0801477432	0.0000000000
0.6386167573	7.0857787132	0.0000000000
0.6386283529	6.9754858017	0.0000000000
0.6386399095	6.9880251884	0.0000000000
0.6386514872	7.1121711731	0.0000000000
0.6386630627	6.9806318283	0.0000000000
0.6386746334	7.0430331230	0.0000000000
0.6386862222	7.0601906776	0.0000000000
0.6386977850	6.9903693199	0.0000000000
0.6387093566	7.0495100021	0.0000000000
0.6387209431	6.9745936394	0.0000000000
0.6387325201	6.9993467331	0.0000000000
0.6387440920	6.9713282585	0.0000000000
0.6387556553	6.9723134041	0.0000000000
0.6387672401	7.0067934990	0.0000000000
0.6387788040	7.0031123161	0.0000000000
0.6387903724	6.9940900803	0.0000000000
0.6388019528	6.9972538948	0.0000000000
0.6388135317	6.9726724625	0.0000000000
0.6388250919	6.9502663612	0.0000000000
0.6388366633	6.9797019958	0.0000000000
0.6388482418	6.9443683624	0.0000000000
0.6388598258	7.0144424438	0.0000000000
0.6388713933	6.9565677643	0.0000000000
0.6388829669	6.9516930580	0.0000000000
0.6388945537	6.9635639191	0.0000000000
0.6389061193	7.0064768791	0.0000000000
0.6389176875	6.9671816826	0.0000000000
0.6389292609	6.9410767555	0.0000000000
0.6389408341	6.9668440819	0.0000000000
0.6389524097	6.9860868454	0.0000000000
0.6389639816	6.9224605560	0.0000000000
0.6389755569	6.9690699577	0.0000000000
0.6389871453	6.9173340797	0.0000000000
0.6389987068	6.9035339355	0.0000000000
0.6390102859	6.9760518074	0.0000000000
0.6390218476	6.9702219963	0.0000000000
0.6390334262	6.9165964127	0.0000000000
0.6390450002	6.9881610870	0.0000000000
0.6390565745	6.9716086388	0.0000000000
0.6390681540	6.9436821938	0.0000000000
0.6390797277	6.9220361710	0.0000000000
0.6390913055	6.9256882668	0.0000000000
0.6391028697	6.9674897194	0.0000000000
0.6391144405	6.9204225540	0.0000000000
0.6391260189	6.9530653954	0.0000000000
0.6391375996	6.8897910118	0.0000000000
0.6391491710	6.9313273430	0.0000000000
0.6391607392	6.9802289009	0.0000000000
0.6391723186	6.9420356750	0.0000000000
0.6391838887	6.9386310577	0.0000000000
0.6391954576	6.8924469948	0.0000000000
0.6392070323	6.9090147018	0.0000000000
0.6392186120	6.9969449043	0.0000000000
0.6392301845	6.9294934273	0.0000000000
0.6392417580	6.8782472610	0.0000000000
0.6392533383	6.9416584969	0.0000000000
0.6392649051	6.9444742203	0.0000000000
0.6392764845	6.8876581192	0.0000000000
0.6392880548	6.8812537193	0.0000000000
0.6392996234	6.8720302582	0.0000000000
0.6393112190	6.8569698334	0.0000000000
0.6393227770	6.8524117470	0.0000000000
0.6393343499	6.8383307457	0.0000000000
0.6393459194	6.8592910767	0.0000000000
0.6393575109	6.8442420959	0.0000000000
0.6393690803	6.8214139938	0.0000000000
0.6393806433	6.8499150276	0.0000000000
0.6393922261	6.8536934853	0.0000000000
0.6394037986	6.8373799324	0.0000000000
0.6394153791	6.8671078682	0.0000000000
0.6394269374	6.8451423645	0.0000000000
0.6394385246	6.8659243584	0.0000000000
0.6394500938	6.8741025925	0.0000000000
0.6394616719	6.8602976799	0.0000000000
0.6394732547	6.8436074257	0.0000000000
0.6394848253	6.9358687401	0.0000000000
0.6394963858	6.8859076500	0.0000000000
0.6395079596	6.8400635719	0.0000000000
0.6395195428	6.9128570557	0.0000000000
0.6395311105	6.9120826721	0.0000000000
0.6395426788	6.8523440361	0.0000000000
0.6395542552	6.8523898125	0.0000000000
0.6395658296	6.8443961143	0.0000000000
0.6395774186	6.8628368378	0.0000000000
0.6395889809	6.8489131927	0.0000000000
0.6396005495	6.8068528175	0.0000000000
0.6396121330	6.8137254715	0.0000000000
0.6396237091	6.8167958260	0.0000000000
0.6396352782	6.8719115257	0.0000000000
0.6396468584	6.8151831627	0.0000000000
0.6396584227	6.8129377365	0.0000000000
0.6396700020	6.8457856178	0.0000000000
0.6396815765	6.8661813736	0.0000000000
0.6396931420	6.8072643280	0.0000000000
0.6397047238	6.8071727753	0.0000000000
0.6397162935	6.8628158569	0.0000000000
0.6397278704	6.8203468323	0.0000000000
0.6397394361	6.7891235352	0.0000000000
0.6397510203	6.8145828247	0.0000000000
0.6397625855	6.7753481865	0.0000000000
0.6397741657	6.7929005623	0.0000000000
0.6397857372	6.7937774658	0.0000000000
0.6397973107	6.7933530807	0.0000000000
0.6398088805	6.8041558266	0.0000000000
0.6398204708	6.7879090309	0.0000000000
0.6398320370	6.7656965256	0.0000000000
0.6398436104	6.7918581963	0.0000000000
0.6398551808	6.7656326294	0.0000000000
0.6398667615	6.8104662895	0.0000000000
0.6398783254	6.7731571198	0.0000000000
0.6398898976	6.8017606735	0.0000000000
0.6399014772	6.7641506195	0.0000000000
0.6399130564	6.7543559074	0.0000000000
0.6399246206	6.8257617950	0.0000000000
0.6399362013	6.8353390694	0.0000000000
0.6399477788	6.7862763405	0.0000000000
0.6399593550	6.7808928490	0.0000000000
0.6399709249	6.7875437737	0.0000000000
0.6399824944	6.8353586197	0.0000000000
0.6399940663	6.8414731026	0.0000000000
0.6400056433	6.7612175941	0.0000000000
0.6400172182	6.7949934006	0.0000000000
0.6400287857	6.8001470566	0.0000000000
0.6400403637	6.7824025154	0.0000000000
0.6400519337	6.8094892502	0.0000000000
0.6400635138	6.7790465355	0.0000000000
0.6400750864	6.7531819344	0.0000000000
0.6400866621	6.7447156906	0.0000000000
0.6400982393	6.7314386368	0.0000000000
0.6401098161	6.7278189659	0.0000000000
0.6401213847	6.7624049187	0.0000000000
0.6401329595	6.7391061783	0.0000000000
0.6401445350	6.7279906273	0.0000000000
0.6401561093	6.7454361916	0.0000000000
0.6401676853	6.7460365295	0.0000000000
0.6401782155	6.7532753944	0.0000000000
0.6401908331	6.7349901199	0.0000000000
0.6402024017	6.7586512566	0.0000000000
0.6402139721	6.7473387718	0.0000000000
0.6402255561	6.7373051643	0.0000000000
0.6402371288	6.7261576653	0.0000000000
0.6402486979	6.7128920555	0.0000000000
0.6402602660	6.7249689102	0.0000000000
0.6402718443	6.6990351677	0.0000000000
0.6402834196	6.7013506889	0.0000000000
0.6402949976	6.7201352119	0.0000000000
0.6403065710	6.7029047012	0.0000000000
0.6403181407	6.7292833328	0.0000000000
0.6403297111	6.7629995346	0.0000000000
0.6403412935	6.7255377769	0.0000000000
0.6403528701	6.7106995583	0.0000000000
0.6403644531	6.6874904633	0.0000000000
0.6403760096	6.7534365654	0.0000000000
0.6403875815	6.7380647659	0.0000000000
0.6403991587	6.7251777649	0.0000000000
0.6404107320	6.7198643684	0.0000000000
0.6404223078	6.7709779739	0.0000000000
0.6404338838	6.7140960693	0.0000000000
0.6404454508	6.7030744553	0.0000000000
0.6404570322	6.7584385872	0.0000000000
0.6404686098	6.7599310875	0.0000000000
0.6404801813	6.7202467918	0.0000000000
0.6404917545	6.6906919479	0.0000000000
0.6405033293	6.7378540039	0.0000000000
0.6405149025	6.7850298882	0.0000000000
0.6405264758	6.7243161201	0.0000000000
0.6405380477	6.7086119652	0.0000000000
0.6405496234	6.7418165207	0.0000000000
0.6405612000	6.7941527367	0.0000000000
0.6405727645	6.7068791389	0.0000000000
0.6405843483	6.6785364151	0.0000000000
0.6405959121	6.7239327431	0.0000000000
0.6406074858	6.7280941010	0.0000000000
0.6406190692	6.6890859604	0.0000000000
0.6406306374	6.6662154198	0.0000000000
0.6406422188	6.7009587288	0.0000000000
0.6406538028	6.6602845192	0.0000000000
0.6406653666	6.7050447464	0.0000000000
0.6406769301	6.6845602989	0.0000000000
0.6406885085	6.6808862686	0.0000000000
0.6407000796	6.7225570679	0.0000000000
0.6407116698	6.7088642120	0.0000000000
0.6407232437	6.6752519608	0.0000000000
0.6407348041	6.7274994850	0.0000000000
0.6407463833	6.6784844398	0.0000000000
0.6407579579	6.6477770805	0.0000000000
0.6407695225	6.7172164917	0.0000000000
0.6407811080	6.6918797493	0.0000000000
0.6407926714	6.6603388786	0.0000000000
0.6408042563	6.6465959549	0.0000000000
0.6408158255	6.6818594933	0.0000000000
0.6408273914	6.6650691032	0.0000000000
0.6408389672	6.6496663094	0.0000000000
0.6408505535	6.6635441780	0.0000000000
0.6408621159	6.6602535248	0.0000000000
0.6408737454	6.6941180229	0.0000000000
0.6408852683	6.6441297531	0.0000000000
0.6408968461	6.6315522194	0.0000000000
0.6409084190	6.6866493225	0.0000000000
0.6409199901	6.6469707489	0.0000000000
0.6409315629	6.6428432465	0.0000000000
0.6409431409	6.6709713936	0.0000000000
0.6409547111	6.6840844154	0.0000000000
0.6409662849	6.6295266151	0.0000000000
0.6409778771	6.6322727203	0.0000000000
0.6409893177	6.6586208344	0.0000000000
0.6410010094	6.6608347893	0.0000000000
0.6410125876	6.6218428612	0.0000000000
0.6410241497	6.6338410378	0.0000000000
0.6410357338	6.6005206108	0.0000000000
0.6410473031	6.6078023911	0.0000000000
0.6410588732	6.5945701599	0.0000000000
0.6410704522	6.6101784706	0.0000000000
0.6410820205	6.6013817787	0.0000000000
0.6410936000	6.6118936539	0.0000000000
0.6411051759	6.6159934998	0.0000000000
0.6411167630	6.6197609901	0.0000000000
0.6411283302	6.6073436737	0.0000000000
0.6411398937	6.6078529358	0.0000000000
0.6411514718	6.6200418472	0.0000000000
0.6411630422	6.6385459900	0.0000000000
0.6411746234	6.6100068092	0.0000000000
0.6411861982	6.6124773026	0.0000000000
0.6411977635	6.6042518616	0.0000000000
0.6412093390	6.5930929184	0.0000000000
0.6412209122	6.6107068062	0.0000000000
0.6412324936	6.6718635559	0.0000000000
0.6412440559	6.6708016396	0.0000000000
0.6412556407	6.5878615379	0.0000000000
0.6412672099	6.6135773659	0.0000000000
0.6412787895	6.6415443420	0.0000000000
0.6412903641	6.6285843849	0.0000000000
0.6413019309	6.6070547104	0.0000000000
0.6413135046	6.6214246750	0.0000000000
0.6413250925	6.6012582779	0.0000000000
0.6413366533	6.6115899086	0.0000000000
0.6413482225	6.5907912254	0.0000000000
0.6413597976	6.5914463997	0.0000000000
0.6413713805	6.5812230110	0.0000000000
0.6413829468	6.6053051949	0.0000000000
0.6413945291	6.6241588593	0.0000000000
0.6414061020	6.5891180038	0.0000000000
0.6414176758	6.6489071846	0.0000000000
0.6414292531	6.5863862038	0.0000000000
0.6414408149	6.6304607391	0.0000000000
0.6414523928	6.6407637596	0.0000000000
0.6414639668	6.6046090126	0.0000000000
0.6414755372	6.6252803802	0.0000000000
0.6414871114	6.6376242638	0.0000000000
0.6414986877	6.6454124451	0.0000000000
0.6415102664	6.6291503906	0.0000000000
0.6415218378	6.6206431389	0.0000000000
0.6415334141	6.6283440590	0.0000000000
0.6415449846	6.5905108452	0.0000000000
0.6415565619	6.6405234337	0.0000000000
0.6415681345	6.6126770973	0.0000000000
0.6415797097	6.6136283875	0.0000000000
0.6415912834	6.6336541176	0.0000000000
0.6416028507	6.6041331291	0.0000000000
0.6416144342	6.6778330803	0.0000000000
0.6416260076	6.6974520683	0.0000000000
0.6416375732	6.5994791985	0.0000000000
0.6416491505	6.5996460915	0.0000000000
0.6416607289	6.6626348495	0.0000000000
0.6416723089	6.6219973564	0.0000000000
0.6416838682	6.6389536858	0.0000000000
0.6416954492	6.6205306053	0.0000000000
0.6417070294	6.5512070656	0.0000000000
0.6417185963	6.5844130516	0.0000000000
0.6417301812	6.6171083450	0.0000000000
0.6417417605	6.5914120674	0.0000000000
0.6417533135	6.5890331268	0.0000000000
0.6417648894	6.5953059196	0.0000000000
0.6417764655	6.6272635460	0.0000000000
0.6417880362	6.5614991188	0.0000000000
0.6417996077	6.6021795273	0.0000000000
0.6418111824	6.5908670425	0.0000000000
0.6418227665	6.6136093140	0.0000000000
0.6418343353	6.6527290344	0.0000000000
0.6418459039	6.5952668190	0.0000000000
0.6418574890	6.6185493469	0.0000000000
0.6418690587	6.5966086388	0.0000000000
0.6418806321	6.5660514832	0.0000000000
0.6418922056	6.6298832893	0.0000000000
0.6419037808	6.5830926895	0.0000000000
0.6419153600	6.5583567619	0.0000000000
0.6419269325	6.5281906128	0.0000000000
0.6419385019	6.5744423866	0.0000000000
0.6419500791	6.5788373947	0.0000000000
0.6419616477	6.5309367180	0.0000000000
0.6419732243	6.5762653351	0.0000000000
0.6419848129	6.5652012825	0.0000000000
0.6419963666	6.6004815102	0.0000000000
0.6420079456	6.6271433830	0.0000000000
0.6420195255	6.6398029327	0.0000000000
0.6420310994	6.5954537392	0.0000000000
0.6420426661	6.6499605179	0.0000000000
0.6420542358	6.5430703163	0.0000000000
0.6420658333	6.5301389694	0.0000000000
0.6420773974	6.5826973915	0.0000000000
0.6420889692	6.5606503487	0.0000000000
0.6421005390	6.5644659996	0.0000000000
0.6421121114	6.6423506737	0.0000000000
0.6421236852	6.5861620903	0.0000000000
0.6421352669	6.5782895088	0.0000000000
0.6421468292	6.5875043869	0.0000000000
0.6421584205	6.5365028381	0.0000000000
0.6421699848	6.6084814072	0.0000000000
0.6421815603	6.5922012329	0.0000000000
0.6421931245	6.5526838303	0.0000000000
0.6422047188	6.6118597984	0.0000000000
0.6422162801	6.6265206337	0.0000000000
0.6422278503	6.5444116592	0.0000000000
0.6422394391	6.5926814079	0.0000000000
0.6422509981	6.6663513184	0.0000000000
0.6422625794	6.6213283539	0.0000000000
0.6422741487	6.6107745171	0.0000000000
0.6422857354	6.5794558525	0.0000000000
0.6422972958	6.5766673088	0.0000000000
0.6423088761	6.6774897575	0.0000000000
0.6423204503	6.6521534920	0.0000000000
0.6423320215	6.5633573532	0.0000000000
0.6423435863	6.5875554085	0.0000000000
0.6423551610	6.6145353317	0.0000000000
0.6423667418	6.6258225441	0.0000000000
0.6423783137	6.5644378662	0.0000000000
0.6423898831	6.5601062775	0.0000000000
0.6424014789	6.6639804840	0.0000000000
0.6424130378	6.6176013947	0.0000000000
0.6424246083	6.5797252655	0.0000000000
0.6424361945	6.5827665329	0.0000000000
0.6424477642	6.5601887703	0.0000000000
0.6424593310	6.6407542229	0.0000000000
0.6424709006	6.5450706482	0.0000000000
0.6424824753	6.5659904480	0.0000000000
0.6424940565	6.6239356995	0.0000000000
0.6425056358	6.5537595749	0.0000000000
0.6425171981	6.6100950241	0.0000000000
0.6425287800	6.5462975502	0.0000000000
0.6425403452	6.5133452415	0.0000000000
0.6425519217	6.5498142242	0.0000000000
0.6425634928	6.5967102051	0.0000000000
0.6425750796	6.5444622040	0.0000000000
0.6425866633	6.4973406792	0.0000000000
0.6425982237	6.5013704300	0.0000000000
0.6426098003	6.4800157547	0.0000000000
0.6426213708	6.4775562286	0.0000000000
0.6426329548	6.5442733765	0.0000000000
0.6426445207	6.5461611748	0.0000000000
0.6426560926	6.5455160141	0.0000000000
0.6426676594	6.5199184418	0.0000000000
0.6426792367	6.5419406891	0.0000000000
0.6426908061	6.5927357674	0.0000000000
0.6427023905	6.5131244659	0.0000000000
0.6427139628	6.5557751656	0.0000000000
0.6427255349	6.5843787193	0.0000000000
0.6427371037	6.5898146629	0.0000000000
0.6427486822	6.5064835548	0.0000000000
0.6427602587	6.6067819595	0.0000000000
0.6427718257	6.5652189255	0.0000000000
0.6427834196	6.5438446999	0.0000000000
0.6427949807	6.4716114998	0.0000000000
0.6428065697	6.5070157051	0.0000000000
0.6428181288	6.5216169357	0.0000000000
0.6428296988	6.4869666100	0.0000000000
0.6428412793	6.5049743652	0.0000000000
0.6428528505	6.5530614853	0.0000000000
0.6428644291	6.5136198997	0.0000000000
0.6428759903	6.5056505203	0.0000000000
0.6428875873	6.5067753792	0.0000000000
0.6428991489	6.5166745186	0.0000000000
0.6429107226	6.5487432480	0.0000000000
0.6429222991	6.5388698578	0.0000000000
0.6429338824	6.5226941109	0.0000000000
0.6429454441	6.5282754898	0.0000000000
0.6429570304	6.5908117294	0.0000000000
0.6429685934	6.5458931923	0.0000000000
0.6429801681	6.5483903885	0.0000000000
0.6429917323	6.4754672050	0.0000000000
0.6430033061	6.4579038620	0.0000000000
0.6430148916	6.5310306549	0.0000000000
0.6430264604	6.5433077812	0.0000000000
0.6430380279	6.4832806587	0.0000000000
0.6430496128	6.4373884201	0.0000000000
0.6430611748	6.4777092934	0.0000000000
0.6430727575	6.4967575073	0.0000000000
0.6430843268	6.4645771980	0.0000000000
0.6430959021	6.5664706230	0.0000000000
0.6431074799	6.5258331299	0.0000000000
0.6431190522	6.5125808716	0.0000000000
0.6431306283	6.5300359726	0.0000000000
0.6431422012	6.4962067604	0.0000000000
0.6431537740	6.4963765144	0.0000000000
0.6431653494	6.4919028282	0.0000000000
0.6431769198	6.5851941109	0.0000000000
0.6431884942	6.5110468864	0.0000000000
0.6432000691	6.4881749153	0.0000000000
0.6432116496	6.5619077682	0.0000000000
0.6432232213	6.5499491692	0.0000000000
0.6432347963	6.4934811592	0.0000000000
0.6432463694	6.5876231194	0.0000000000
0.6432579451	6.5241007805	0.0000000000
0.6432695126	6.4121618271	0.0000000000
0.6432810851	6.4105482101	0.0000000000
0.6432926664	6.4425001144	0.0000000000
0.6433042388	6.4297246933	0.0000000000
0.6433158149	6.4191651344	0.0000000000
0.6433273936	6.4087586403	0.0000000000
0.6433389549	6.4651570320	0.0000000000
0.6433505279	6.4274830818	0.0000000000
0.6433621005	6.4608764648	0.0000000000
0.6433736797	6.4196853638	0.0000000000
0.6433852580	6.4407844543	0.0000000000
0.6433968325	6.4987473488	0.0000000000
0.6434083989	6.4099874496	0.0000000000
0.6434199693	6.3926959038	0.0000000000
0.6434315475	6.4227118492	0.0000000000
0.6434431338	6.4334945679	0.0000000000
0.6434546906	6.4279413223	0.0000000000
0.6434662688	6.4365134239	0.0000000000
0.6434778397	6.4534707069	0.0000000000
0.6434894193	6.4494304657	0.0000000000
0.6435009965	6.4459309578	0.0000000000
0.6435125630	6.4144377708	0.0000000000
0.6435241410	6.4452104568	0.0000000000
0.6435357127	6.4359416962	0.0000000000
0.6435472998	6.3902397156	0.0000000000
0.6435588624	6.3996262550	0.0000000000
0.6435704409	6.4004044533	0.0000000000
0.6435820043	6.4263787270	0.0000000000
0.6435935786	6.3906955719	0.0000000000
0.6436051651	6.3838167191	0.0000000000
0.6436167369	6.3856811523	0.0000000000
0.6436283142	6.3913645744	0.0000000000
0.6436398792	6.3866662979	0.0000000000
0.6436514607	6.3875565529	0.0000000000
0.6436630314	6.3894910812	0.0000000000
0.6436746019	6.3818936348	0.0000000000
0.6436861794	6.3612084389	0.0000000000
0.6436977454	6.3977408409	0.0000000000
0.6437093191	6.3977408409	0.0000000000
0.6437209010	6.3872475624	0.0000000000
0.6437324788	6.3714494705	0.0000000000
0.6437440453	6.3991508484	0.0000000000
0.6437556258	6.4068031311	0.0000000000
0.6437672011	6.4302182198	0.0000000000
0.6437787724	6.3930406570	0.0000000000
0.6437903411	6.3709716797	0.0000000000
0.6438019213	6.4213495255	0.0000000000
0.6438134861	6.4098515511	0.0000000000
0.6438250650	6.3783621788	0.0000000000
0.6438366366	6.4066753387	0.0000000000
0.6438482068	6.4338860512	0.0000000000
0.6438597919	6.4361877441	0.0000000000
0.6438713561	6.3750481606	0.0000000000
0.6438829507	6.4141278267	0.0000000000
0.6438945113	6.3864912987	0.0000000000
0.6439060822	6.3397011757	0.0000000000
0.6439176603	6.3762693405	0.0000000000
0.6439292265	6.4098176956	0.0000000000
0.6439408058	6.4139561653	0.0000000000
0.6439523893	6.3659596443	0.0000000000
0.6439639598	6.3445591927	0.0000000000
0.6439755272	6.3618164063	0.0000000000
0.6439870990	6.3688488007	0.0000000000
0.6439986755	6.3623061180	0.0000000000
0.6440102523	6.3626236916	0.0000000000
0.6440218373	6.4170784950	0.0000000000
0.6440334008	6.4483070374	0.0000000000
0.6440449691	6.4070830345	0.0000000000
0.6440565437	6.3377251625	0.0000000000
0.6440681332	6.3621516228	0.0000000000
0.6440796987	6.4442644119	0.0000000000
0.6440912653	6.4262595177	0.0000000000
0.6441028445	6.3588581085	0.0000000000
0.6441144128	6.3566527367	0.0000000000
0.6441259881	6.4250741005	0.0000000000
0.6441375621	6.3832354546	0.0000000000
0.6441491501	6.3719978333	0.0000000000
0.6441607142	6.3973336220	0.0000000000
0.6441722887	6.4468741417	0.0000000000
0.6441838667	6.3995471001	0.0000000000
0.6441954324	6.4322047234	0.0000000000
0.6442070131	6.4958310127	0.0000000000
0.6442185754	6.3837790489	0.0000000000
0.6442301508	6.3757715225	0.0000000000
0.6442417234	6.4106740952	0.0000000000
0.6442533069	6.4684195518	0.0000000000
0.6442648752	6.4144210815	0.0000000000
0.6442764563	6.3879337311	0.0000000000
0.6442880198	6.3919367790	0.0000000000
0.6442996055	6.4516429901	0.0000000000
0.6443111719	6.3863267899	0.0000000000
0.6443227405	6.3383255005	0.0000000000
0.6443343209	6.3175687790	0.0000000000
0.6443459013	6.3534550667	0.0000000000
0.6443574693	6.3382964134	0.0000000000
0.6443690430	6.3338923454	0.0000000000
0.6443806326	6.4095649719	0.0000000000
0.6443921894	6.3717870712	0.0000000000
0.6444037710	6.3433513641	0.0000000000
0.6444153464	6.3637127876	0.0000000000
0.6444269099	6.4010190964	0.0000000000
0.6444384862	6.3842630386	0.0000000000
0.6444500650	6.3339509964	0.0000000000
0.6444616386	6.3677783012	0.0000000000
0.6444732074	6.3965525627	0.0000000000
0.6444847861	6.3054242134	0.0000000000
0.6444963581	6.3157682419	0.0000000000
0.6445079326	6.2879786491	0.0000000000
0.6445195076	6.2810316086	0.0000000000
0.6445310831	6.2779440880	0.0000000000
0.6445426514	6.2842087746	0.0000000000
0.6445542276	6.2877902985	0.0000000000
0.6445657957	6.2907996178	0.0000000000
0.6445773810	6.2850799561	0.0000000000
0.6445889449	6.2829079628	0.0000000000
0.6446005241	6.2830386162	0.0000000000
0.6446121062	6.2852683067	0.0000000000
0.6446236746	6.2993431091	0.0000000000
0.6446352472	6.3249235153	0.0000000000
0.6446468253	6.2887849808	0.0000000000
0.6446583970	6.2745952606	0.0000000000
0.6446699725	6.2617158890	0.0000000000
0.6446815448	6.3071570396	0.0000000000
0.6446931323	6.3482060432	0.0000000000
0.6447046885	6.2553811073	0.0000000000
0.6447162620	6.2660517693	0.0000000000
0.6447278400	6.3548612595	0.0000000000
0.6447394162	6.3363184929	0.0000000000
0.6447509813	6.3134412766	0.0000000000
0.6447625685	6.3246364594	0.0000000000
0.6447741436	6.3639359474	0.0000000000
0.6447857023	6.3004641533	0.0000000000
0.6447972775	6.2550950050	0.0000000000
0.6448088555	6.2907061577	0.0000000000
0.6448204329	6.2962765694	0.0000000000
0.6448320099	6.2790927887	0.0000000000
0.6448435777	6.2761240005	0.0000000000
0.6448551672	6.2773776054	0.0000000000
0.6448667274	6.2523102760	0.0000000000
0.6448782966	6.2459063530	0.0000000000
0.6448898696	6.2655925751	0.0000000000
0.6449014461	6.2891793251	0.0000000000
0.6449130257	6.2385072708	0.0000000000
0.6449246020	6.2554721832	0.0000000000
0.6449361680	6.2995710373	0.0000000000
0.6449477503	6.2977561951	0.0000000000
0.6449593226	6.2827143669	0.0000000000
0.6449708901	6.2230095863	0.0000000000
0.6449824691	6.2428646088	0.0000000000
0.6449940447	6.2654047012	0.0000000000
0.6450056077	6.2341523170	0.0000000000
0.6450172002	6.2532768250	0.0000000000
0.6450287599	6.2634181976	0.0000000000
0.6450403505	6.2673082352	0.0000000000
0.6450519178	6.2498927116	0.0000000000
0.6450634776	6.2542805672	0.0000000000
0.6450750635	6.2762627602	0.0000000000
0.6450866379	6.2514410019	0.0000000000
0.6450982073	6.2223305702	0.0000000000
0.6451097755	6.2901201248	0.0000000000
0.6451213536	6.2789044380	0.0000000000
0.6451329245	6.2598004341	0.0000000000
0.6451444994	6.2116785049	0.0000000000
0.6451560786	6.2134628296	0.0000000000
0.6451676432	6.2683286667	0.0000000000
0.6451792336	6.2738270760	0.0000000000
0.6451907963	6.2632999420	0.0000000000
0.6452023727	6.2259507179	0.0000000000
0.6452139475	6.2674455643	0.0000000000
0.6452255188	6.2758011818	0.0000000000
0.6452370887	6.2616353035	0.0000000000
0.6452486673	6.2215423584	0.0000000000
0.6452602458	6.2372035980	0.0000000000
0.6452718160	6.2689557076	0.0000000000
0.6452833959	6.2360520363	0.0000000000
0.6452949729	6.1953654289	0.0000000000
0.6453065520	6.2098259926	0.0000000000
0.6453181143	6.2591214180	0.0000000000
0.6453296808	6.2151794434	0.0000000000
0.6453412546	6.2118840218	0.0000000000
0.6453528338	6.1972522736	0.0000000000
0.6453644013	6.2314348221	0.0000000000
0.6453759898	6.2442712784	0.0000000000
0.6453875511	6.2183389664	0.0000000000
0.6453991338	6.2269120216	0.0000000000
0.6454106978	6.2929229736	0.0000000000
0.6454222795	6.2054858208	0.0000000000
0.6454338546	6.1808533669	0.0000000000
0.6454454262	6.2115278244	0.0000000000
0.6454569934	6.2140922546	0.0000000000
0.6454685756	6.1998767853	0.0000000000
0.6454801615	6.2054691315	0.0000000000
0.6454917271	6.2744760513	0.0000000000
0.6455032973	6.2180843353	0.0000000000
0.6455148854	6.1973772049	0.0000000000
0.6455264385	6.1969709396	0.0000000000
0.6455380234	6.2422637939	0.0000000000
0.6455495883	6.2647094727	0.0000000000
0.6455611663	6.2536711693	0.0000000000
0.6455727577	6.2352309227	0.0000000000
0.6455843139	6.2772111893	0.0000000000
0.6455958829	6.2290062904	0.0000000000
0.6456074611	6.2175621986	0.0000000000
0.6456190390	6.2125706673	0.0000000000
0.6456306206	6.2063994408	0.0000000000
0.6456421787	6.2587480545	0.0000000000
0.6456537588	6.2375292778	0.0000000000
0.6456653260	6.2641491890	0.0000000000
0.6456769048	6.2843589783	0.0000000000
0.6456884744	6.2310271263	0.0000000000
0.6457000474	6.1759767532	0.0000000000
0.6457116291	6.2244238853	0.0000000000
0.6457232067	6.2060008049	0.0000000000
0.6457347789	6.1647663116	0.0000000000
0.6457463586	6.2320170403	0.0000000000
0.6457579230	6.2012176514	0.0000000000
0.6457694929	6.1872215271	0.0000000000
0.6457810741	6.2128620148	0.0000000000
0.6457926413	6.2414221764	0.0000000000
0.6458042219	6.1581072807	0.0000000000
0.6458157983	6.2027244568	0.0000000000
0.6458273632	6.2124619484	0.0000000000
0.6458389439	6.1959490776	0.0000000000
0.6458505217	6.1542820930	0.0000000000
0.6458620879	6.2144546509	0.0000000000
0.6458736798	6.2644610405	0.0000000000
0.6458852366	6.2352733612	0.0000000000
0.6458968071	6.2032046318	0.0000000000
0.6459083864	6.1884012222	0.0000000000
0.6459199593	6.2538723946	0.0000000000
0.6459315354	6.2366371155	0.0000000000
0.6459431021	6.2023892403	0.0000000000
0.6459546830	6.2011809349	0.0000000000
0.6459662691	6.2667593956	0.0000000000
0.6459778251	6.2654070854	0.0000000000
0.6459894041	6.1785721779	0.0000000000
0.6460009761	6.1545729637	0.0000000000
0.6460125511	6.1908712387	0.0000000000
0.6460241401	6.2236862183	0.0000000000
0.6460357031	6.1980919838	0.0000000000
0.6460472684	6.2119183540	0.0000000000
0.6460588479	6.2220396996	0.0000000000
0.6460704294	6.2744274139	0.0000000000
0.6460819902	6.2207508087	0.0000000000
0.6460935723	6.1606044769	0.0000000000
0.6461051456	6.2422719002	0.0000000000
0.6461167339	6.1642484665	0.0000000000
0.6461282860	6.1374535561	0.0000000000
0.6461398660	6.1499419212	0.0000000000
0.6461514377	6.1984825134	0.0000000000
0.6461630127	6.1758785248	0.0000000000
0.6461745944	6.1546425819	0.0000000000
0.6461861563	6.1913485527	0.0000000000
0.6461977359	6.2049198151	0.0000000000
0.6462093125	6.2560153008	0.0000000000
0.6462208875	6.1455850601	0.0000000000
0.6462324611	6.2095060349	0.0000000000
0.6462440316	6.1626601219	0.0000000000
0.6462556058	6.1404728889	0.0000000000
0.6462671803	6.1330246925	0.0000000000
0.6462787532	6.1513986588	0.0000000000
0.6462903305	6.1241941452	0.0000000000
0.6463019070	6.1543850899	0.0000000000
0.6463134746	6.1362304688	0.0000000000
0.6463250523	6.1237072945	0.0000000000
0.6463366222	6.1406464577	0.0000000000
0.6463481986	6.1140737534	0.0000000000
0.6463597758	6.1004705429	0.0000000000
0.6463713462	6.1544899940	0.0000000000
0.6463829151	6.1501383781	0.0000000000
0.6463944986	6.1917629242	0.0000000000
0.6464060652	6.1243743896	0.0000000000
0.6464176366	6.1024799347	0.0000000000
0.6464292095	6.1303362846	0.0000000000
0.6464407887	6.1554827690	0.0000000000
0.6464523675	6.1139020920	0.0000000000
0.6464639414	6.1049771309	0.0000000000
0.6464755075	6.1178011894	0.0000000000
0.6464870801	6.1467103958	0.0000000000
0.6464986622	6.1461682320	0.0000000000
0.6465102341	6.0808911324	0.0000000000
0.6465218017	6.0951418877	0.0000000000
0.6465333987	6.1550025940	0.0000000000
0.6465449509	6.1975994110	0.0000000000
0.6465565312	6.1647973061	0.0000000000
0.6465680979	6.1629486084	0.0000000000
0.6465796809	6.2081623077	0.0000000000
0.6465912521	6.1990265846	0.0000000000
0.6466028408	6.1090817451	0.0000000000
0.6466144103	6.0886535645	0.0000000000
0.6466259692	6.1456236839	0.0000000000
0.6466375469	6.1147427559	0.0000000000
0.6466491247	6.0699710846	0.0000000000
0.6466606946	6.0871419907	0.0000000000
0.6466722720	6.1540589333	0.0000000000
0.6466838386	6.0764241219	0.0000000000
0.6466954163	6.0553216934	0.0000000000
0.6467069867	6.0584025383	0.0000000000
0.6467185664	6.0755977631	0.0000000000
0.6467301556	6.0725784302	0.0000000000
0.6467417086	6.0770354271	0.0000000000
0.6467533046	6.0781884193	0.0000000000
0.6467648663	6.0819444656	0.0000000000
0.6467764393	6.0762710571	0.0000000000
0.6467880145	6.0984635353	0.0000000000
0.6467995780	6.0675067902	0.0000000000
0.6468111533	6.0524916649	0.0000000000
0.6468227348	6.0654082298	0.0000000000
0.6468343082	6.1188030243	0.0000000000
0.6468458745	6.0968575478	0.0000000000
0.6468574479	6.0759143829	0.0000000000
0.6468690238	6.0411019325	0.0000000000
0.6468806012	6.0923914909	0.0000000000
0.6468921906	6.0921168327	0.0000000000
0.6469037457	6.0642280579	0.0000000000
0.6469153229	6.0440006256	0.0000000000
0.6469268993	6.0603303909	0.0000000000
0.6469384706	6.0429453850	0.0000000000
0.6469500473	6.0865073204	0.0000000000
0.6469616361	6.0431256294	0.0000000000
0.6469731940	6.0840334892	0.0000000000
0.6469847737	6.0924940109	0.0000000000
0.6469963434	6.0775790215	0.0000000000
0.6470079131	6.0763392448	0.0000000000
0.6470194854	6.0605697632	0.0000000000
0.6470310654	6.1047420502	0.0000000000
0.6470426338	6.0656890869	0.0000000000
0.6470542115	6.0769701004	0.0000000000
0.6470657993	6.0683593750	0.0000000000
0.6470773586	6.0904707909	0.0000000000
0.6470889375	6.1182079315	0.0000000000
0.6471005143	6.1090645790	0.0000000000
0.6471120822	6.1130790710	0.0000000000
0.6471236553	6.0948190689	0.0000000000
0.6471352359	6.0306878090	0.0000000000
0.6471468022	6.0857830048	0.0000000000
0.6471583757	6.1088833809	0.0000000000
0.6471699513	6.0341887474	0.0000000000
0.6471815377	6.1236453056	0.0000000000
0.6471930969	6.0704622269	0.0000000000
0.6472046883	6.1200771332	0.0000000000
0.6472162437	6.1167988777	0.0000000000
0.6472278274	6.0540013313	0.0000000000
0.6472393900	6.0355396271	0.0000000000
0.6472509760	6.1180191040	0.0000000000
0.6472625391	6.0239725113	0.0000000000
0.6472741182	6.0478253365	0.0000000000
0.6472856884	6.0787849426	0.0000000000
0.6472972836	6.1853818893	0.0000000000
0.6473088443	6.0909128189	0.0000000000
0.6473204144	6.0793795586	0.0000000000
0.6473320023	6.0678272247	0.0000000000
0.6473435803	6.1762561798	0.0000000000
0.6473551411	6.1347866058	0.0000000000
0.6473667092	6.0916094780	0.0000000000
0.6473782847	6.0546526909	0.0000000000
0.6473898621	6.1138849258	0.0000000000
0.6474014373	6.1512632370	0.0000000000
0.6474130062	6.1411223412	0.0000000000
0.6474245856	6.0826954842	0.0000000000
0.6474361580	6.1407146454	0.0000000000
0.6474477443	6.1312961578	0.0000000000
0.6474593074	6.0547337532	0.0000000000
0.6474708752	6.0347752571	0.0000000000
0.6474824556	6.0921854973	0.0000000000
0.6474940284	6.1367568970	0.0000000000
0.6475055992	6.1406974792	0.0000000000
0.6475171738	6.0166745186	0.0000000000
0.6475287473	6.0490264893	0.0000000000
0.6475403178	6.0882682800	0.0000000000
0.6475518994	6.0244107246	0.0000000000
0.6475634826	6.0317177773	0.0000000000
0.6475750428	5.9901371002	0.0000000000
0.6475866144	6.0480751991	0.0000000000
0.6475981966	6.0588555336	0.0000000000
0.6476097674	6.0142230988	0.0000000000
0.6476213328	6.0538501740	0.0000000000
0.6476329080	6.0545840263	0.0000000000
0.6476444808	6.0689845085	0.0000000000
0.6476560662	6.0501933098	0.0000000000
0.6476676325	6.0188593864	0.0000000000
0.6476792104	6.0439491272	0.0000000000
0.6476907840	6.0782585144	0.0000000000
0.6477023513	6.0869894028	0.0000000000
0.6477139290	6.0019731522	0.0000000000
0.6477255054	6.0874853134	0.0000000000
0.6477370816	6.0910706520	0.0000000000
0.6477486466	6.1087985039	0.0000000000
0.6477602240	6.1037812233	0.0000000000
0.6477717971	6.0827188492	0.0000000000
0.6477833828	5.9833960533	0.0000000000
0.6477949458	6.0482110977	0.0000000000
0.6478065254	6.0858554840	0.0000000000
0.6478180965	6.0694088936	0.0000000000
0.6478296793	6.0950326920	0.0000000000
0.6478412430	6.1131300926	0.0000000000
0.6478528191	6.1216039658	0.0000000000
0.6478643961	6.1095104218	0.0000000000
0.6478759611	6.1046543121	0.0000000000
0.6478875391	6.0931200981	0.0000000000
0.6478991215	6.0865244865	0.0000000000
0.6479106890	6.0686616898	0.0000000000
0.6479222583	6.1009683609	0.0000000000
0.6479338490	6.1092362404	0.0000000000
0.6479454195	6.0463085175	0.0000000000
0.6479569855	6.0738587379	0.0000000000
0.6479685576	6.0350642204	0.0000000000
0.6479801356	6.0647048950	0.0000000000
0.6479917063	6.0773239136	0.0000000000
0.6480032774	6.0628929138	0.0000000000
0.6480148582	5.9566531181	0.0000000000
0.6480264236	5.9520721436	0.0000000000
0.6480380047	5.9385557175	0.0000000000
0.6480495725	5.9312648773	0.0000000000
0.6480611501	5.9381613731	0.0000000000
0.6480727307	5.9380927086	0.0000000000
0.6480842973	5.9575414658	0.0000000000
0.6480958674	5.9390439987	0.0000000000
0.6481074486	5.9604783058	0.0000000000
0.6481190245	5.9481277466	0.0000000000
0.6481305956	5.9552316666	0.0000000000
0.6481421634	5.9614315033	0.0000000000
0.6481537475	6.0220608711	0.0000000000
0.6481653167	5.9588837624	0.0000000000
0.6481768953	5.9499931335	0.0000000000
0.6481884634	5.9609899521	0.0000000000
0.6482000446	5.9479560852	0.0000000000
0.6482116239	5.9665336609	0.0000000000
0.6482231808	6.0040993690	0.0000000000
0.6482347632	6.0913276672	0.0000000000
0.6482463374	5.9845628738	0.0000000000
0.6482579113	5.9675631523	0.0000000000
0.6482694776	5.9558601379	0.0000000000
0.6482810535	5.9676485062	0.0000000000
0.6482926329	5.9481687546	0.0000000000
0.6483042091	5.9747328758	0.0000000000
0.6483157778	6.0953292847	0.0000000000
0.6483273519	6.0084748268	0.0000000000
0.6483389245	6.0424356461	0.0000000000
0.6483504995	6.0816268921	0.0000000000
0.6483620700	6.0341129303	0.0000000000
0.6483736523	6.0050268173	0.0000000000
0.6483852168	5.9922943115	0.0000000000
0.6483968038	6.0386824608	0.0000000000
0.6484083660	6.0968255997	0.0000000000
0.6484199469	6.0374989510	0.0000000000
0.6484315189	6.0607461929	0.0000000000
0.6484430923	5.9958615303	0.0000000000
0.6484546659	5.9917340279	0.0000000000
0.6484662453	5.9147806168	0.0000000000
0.6484778304	5.8986563683	0.0000000000
0.6484893880	5.9629259109	0.0000000000
0.6485009655	6.0242047310	0.0000000000
0.6485125380	5.9667649269	0.0000000000
0.6485241063	5.9748535156	0.0000000000
0.6485356845	5.9353308678	0.0000000000
0.6485472660	5.8768711090	0.0000000000
0.6485588282	5.8864569664	0.0000000000
0.6485704085	5.8769392967	0.0000000000
0.6485819866	5.8777284622	0.0000000000
0.6485935538	5.8824992180	0.0000000000
0.6486051334	5.8846583366	0.0000000000
0.6486167043	5.8821425438	0.0000000000
0.6486282751	5.8798155785	0.0000000000
0.6486398584	5.8848538399	0.0000000000
0.6486514235	5.8906860352	0.0000000000
0.6486629998	5.8918290138	0.0000000000
0.6486745744	5.8817253113	0.0000000000
0.6486861411	5.8835525513	0.0000000000
0.6486977204	5.8805761337	0.0000000000
0.6487092926	5.8922324181	0.0000000000
0.6487208698	5.8645720482	0.0000000000
0.6487324422	5.8720870018	0.0000000000
0.6487440123	5.8698792458	0.0000000000
0.6487555859	5.8734469414	0.0000000000
0.6487671634	5.8773002625	0.0000000000
0.6487787411	5.8741602898	0.0000000000
0.6487903158	5.8817596436	0.0000000000
0.6488018913	5.8756189346	0.0000000000
0.6488134621	5.8687071800	0.0000000000
0.6488250366	5.8629593849	0.0000000000
0.6488366259	5.8892388344	0.0000000000
0.6488481785	5.8902444839	0.0000000000
0.6488597550	5.8612442017	0.0000000000
0.6488713306	5.8642768860	0.0000000000
0.6488829033	5.8759770393	0.0000000000
0.6488944919	5.8717932701	0.0000000000
0.6489060543	5.8676199913	0.0000000000
0.6489176345	5.8614497185	0.0000000000
0.6489291972	5.8635263443	0.0000000000
0.6489407788	5.8553600311	0.0000000000
0.6489523439	5.8563756943	0.0000000000
0.6489639228	5.8555831909	0.0000000000
0.6489754912	5.8647837639	0.0000000000
0.6489870773	5.8590960503	0.0000000000
0.6489986508	5.8567490578	0.0000000000
0.6490102209	5.8605709076	0.0000000000
0.6490217961	5.8635592461	0.0000000000
0.6490333732	5.8626852036	0.0000000000
0.6490449451	5.8762149811	0.0000000000
0.6490565138	5.8624053001	0.0000000000
0.6490680879	5.8762531281	0.0000000000
0.6490796674	5.8795981407	0.0000000000
0.6490912510	5.8877463341	0.0000000000
0.6491028132	5.8859076500	0.0000000000
0.6491143841	5.9100327492	0.0000000000
0.6491259604	5.9652986526	0.0000000000
0.6491375367	5.9117789268	0.0000000000
0.6491491059	5.9212093353	0.0000000000
0.6491606876	5.9181427956	0.0000000000
0.6491722571	6.0007696152	0.0000000000
0.6491838309	6.0127620697	0.0000000000
0.6491954078	5.9913721085	0.0000000000
0.6492069737	5.9348487854	0.0000000000
0.6492185618	5.9855442047	0.0000000000
0.6492301256	5.9613804817	0.0000000000
0.6492416984	5.9723191261	0.0000000000
0.6492532729	5.9282293320	0.0000000000
0.6492648484	5.9758996964	0.0000000000
0.6492764266	6.0440688133	0.0000000000
0.6492880103	6.0025396347	0.0000000000
0.6492995721	5.9305858612	0.0000000000
0.6493111596	5.9022760391	0.0000000000
0.6493227226	5.9268145561	0.0000000000
0.6493342982	5.9084053040	0.0000000000
0.6493458611	5.9194769859	0.0000000000
0.6493574397	5.9111781120	0.0000000000
0.6493690090	5.9412522316	0.0000000000
0.6493805935	5.9841165543	0.0000000000
0.6493921615	5.9661874771	0.0000000000
0.6494037364	5.9255361557	0.0000000000
0.6494153057	5.9497280121	0.0000000000
0.6494268827	5.9506149292	0.0000000000
0.6494384555	5.9877929688	0.0000000000
0.6494500359	5.9921641350	0.0000000000
0.6494616015	5.9886255264	0.0000000000
0.6494731871	6.0005497932	0.0000000000
0.6494847484	5.9951820374	0.0000000000
0.6494963288	6.0418734550	0.0000000000
0.6495078972	6.0342149734	0.0000000000
0.6495194911	6.0221118927	0.0000000000
0.6495310556	5.9653043747	0.0000000000
0.6495426196	5.9884724617	0.0000000000
0.6495541926	6.0182313919	0.0000000000
0.6495651954	5.9637584686	0.0000000000
0.6495773475	6.0123505592	0.0000000000
0.6495889246	5.9746651649	0.0000000000
0.6496004931	5.9638943672	0.0000000000
0.6496120677	5.9681291580	0.0000000000
0.6496236359	5.9607858658	0.0000000000
0.6496352162	5.9197211266	0.0000000000
0.6496467845	5.9489464760	0.0000000000
0.6496583595	5.9224486351	0.0000000000
0.6496699480	5.9429297447	0.0000000000
0.6496815184	5.9039015770	0.0000000000
0.6496930845	5.8529272079	0.0000000000
0.6497046664	5.9451656342	0.0000000000
0.6497162343	5.9420676231	0.0000000000
0.6497278135	5.8829946518	0.0000000000
0.6497393761	5.8530974388	0.0000000000
0.6497509522	5.8701810837	0.0000000000
0.6497625242	5.8561882973	0.0000000000
0.6497741038	5.8666129112	0.0000000000
0.6497856782	5.8891015053	0.0000000000
0.6497972569	5.8723082542	0.0000000000
0.6498088264	5.9514780045	0.0000000000
0.6498203984	5.9263391495	0.0000000000
0.6498319706	5.8975653648	0.0000000000
0.6498435422	5.9956746101	0.0000000000
0.6498551163	5.9234852791	0.0000000000
0.6498666978	5.9358472824	0.0000000000
0.6498782707	5.9423904419	0.0000000000
0.6498898434	5.9590878487	0.0000000000
0.6499014158	5.9690408707	0.0000000000
0.6499129880	5.9337110519	0.0000000000
0.6499245829	5.8928065300	0.0000000000
0.6499361349	5.9110693932	0.0000000000
0.6499477085	5.9246916771	0.0000000000
0.6499593025	5.8829431534	0.0000000000
0.6499708637	5.8991789818	0.0000000000
0.6499824535	5.9352107048	0.0000000000
0.6499940216	5.8896431923	0.0000000000
0.6500055969	5.8915891647	0.0000000000
0.6500171669	5.8768601418	0.0000000000
0.6500287311	5.9553847313	0.0000000000
0.6500403045	5.9392480850	0.0000000000
0.6500518873	6.0373106003	0.0000000000
0.6500634684	5.9235634804	0.0000000000
0.6500750232	6.0068678856	0.0000000000
0.6500866071	5.9469957352	0.0000000000
0.6500981762	5.9074077606	0.0000000000
0.6501097533	5.9409751892	0.0000000000
0.6501213256	5.9338641167	0.0000000000
0.6501328961	5.9056162834	0.0000000000
0.6501444750	5.8604202271	0.0000000000
0.6501560577	5.8637080193	0.0000000000
0.6501676180	5.9006199837	0.0000000000
0.6501791942	5.9472012520	0.0000000000
0.6501907791	5.9049005508	0.0000000000
0.6502023461	5.8745837212	0.0000000000
0.6502139123	5.9401140213	0.0000000000
0.6502255080	5.8783631325	0.0000000000
0.6502370695	5.9116463661	0.0000000000
0.6502486336	5.8952894211	0.0000000000
0.6502602086	5.8835783005	0.0000000000
0.6502717828	5.8847498894	0.0000000000
0.6502833553	5.8987035751	0.0000000000
0.6502949296	5.9100637436	0.0000000000
0.6503065113	5.9122734070	0.0000000000
0.6503180892	5.8108115196	0.0000000000
0.6503296585	5.9238452911	0.0000000000
0.6503412296	5.9172859192	0.0000000000
0.6503528067	5.9304938316	0.0000000000
0.6503643856	5.9524850845	0.0000000000
0.6503759579	5.9588665962	0.0000000000
0.6503875246	5.9317064285	0.0000000000
0.6503991003	5.9290814400	0.0000000000
0.6504106681	5.9687862396	0.0000000000
0.6504222606	5.8933048248	0.0000000000
0.6504338286	5.9169631004	0.0000000000
0.6504453940	5.8376741409	0.0000000000
0.6504569768	5.8619470596	0.0000000000
0.6504685509	5.8669219017	0.0000000000
0.6504801246	5.9642000198	0.0000000000
0.6504916929	5.9465007782	0.0000000000
0.6505032638	5.8027691841	0.0000000000
0.6505148562	5.7971916199	0.0000000000
0.6505264097	5.8111934662	0.0000000000
0.6505379844	5.7774305344	0.0000000000
0.6505495562	5.7716341019	0.0000000000
0.6505611414	5.7725229263	0.0000000000
0.6505727092	5.7647547722	0.0000000000
0.6505843008	5.7565712929	0.0000000000
0.6505958614	5.7526612282	0.0000000000
0.6506074310	5.7452554703	0.0000000000
0.6506190120	5.7530889511	0.0000000000
0.6506305746	5.7474637032	0.0000000000
0.6506421488	5.7908272743	0.0000000000
0.6506537261	5.7698140144	0.0000000000
0.6506652968	5.7622575760	0.0000000000
0.6506768768	5.8197999001	0.0000000000
0.6506884489	5.8172574043	0.0000000000
0.6507000357	5.7690596581	0.0000000000
0.6507115926	5.7813501358	0.0000000000
0.6507231860	5.8139848709	0.0000000000
0.6507347647	5.7782025337	0.0000000000
0.6507463251	5.8554916382	0.0000000000
0.6507578936	5.8192448616	0.0000000000
0.6507694671	5.8861007690	0.0000000000
0.6507810370	5.8646473885	0.0000000000
0.6507926150	5.8503336906	0.0000000000
0.6508041890	5.7687296867	0.0000000000
0.6508157685	5.8188915253	0.0000000000
0.6508273379	5.8906354904	0.0000000000
0.6508389173	5.7762126923	0.0000000000
0.6508504929	5.8134188652	0.0000000000
0.6508620633	5.8517217636	0.0000000000
0.6508736504	5.8140707016	0.0000000000
0.6508852176	5.8388972282	0.0000000000
0.6508967843	5.8083572388	0.0000000000
0.6509083707	5.7937135696	0.0000000000
0.6509199383	5.7821145058	0.0000000000
0.6509315119	5.7957363129	0.0000000000
0.6509430746	5.8016986847	0.0000000000
0.6509546503	5.7989583015	0.0000000000
0.6509662265	5.7997479439	0.0000000000
0.6509778076	5.8113489151	0.0000000000
0.6509893686	5.8310155869	0.0000000000
0.6510009540	5.8557028770	0.0000000000
0.6510125236	5.8494620323	0.0000000000
0.6510240949	5.8300647736	0.0000000000
0.6510356731	5.8665452003	0.0000000000
0.6510472591	5.8377776146	0.0000000000
0.6510588197	5.8553218842	0.0000000000
0.6510703919	5.8608937263	0.0000000000
0.6510819691	5.8430609703	0.0000000000
0.6510935538	5.7818560600	0.0000000000
0.6511051188	5.7477188110	0.0000000000
0.6511166827	5.7445926666	0.0000000000
0.6511282626	5.7311329842	0.0000000000
0.6511398442	5.7839312553	0.0000000000
0.6511514158	5.7813158035	0.0000000000
0.6511629894	5.7894859314	0.0000000000
0.6511745736	5.7836399078	0.0000000000
0.6511861403	5.8135542870	0.0000000000
0.6511977080	5.7791070938	0.0000000000
0.6512092831	5.8043961525	0.0000000000
0.6512208558	5.8186497688	0.0000000000
0.6512324430	5.8156318665	0.0000000000
0.6512440179	5.8135561943	0.0000000000
0.6512555739	5.7817916870	0.0000000000
0.6512671475	5.7189955711	0.0000000000
0.6512787247	5.7365527153	0.0000000000
0.6512902963	5.7275905609	0.0000000000
0.6513018667	5.7531366348	0.0000000000
0.6513134410	5.7508158684	0.0000000000
0.6513250227	5.7260551453	0.0000000000
0.6513365899	5.7087364197	0.0000000000
0.6513481744	5.7318181992	0.0000000000
0.6513597436	5.7097892761	0.0000000000
0.6513713113	5.7100610733	0.0000000000
0.6513828896	5.7112512589	0.0000000000
0.6513944632	5.7019081116	0.0000000000
0.6514060336	5.7030291557	0.0000000000
0.6514176276	5.6863269806	0.0000000000
0.6514291873	5.7807383537	0.0000000000
0.6514407621	5.6753225327	0.0000000000
0.6514523338	5.6669344902	0.0000000000
0.6514639105	5.6582465172	0.0000000000
0.6514754812	5.6614823341	0.0000000000
0.6514870513	5.6576604843	0.0000000000
0.6514986291	5.6638379097	0.0000000000
0.6515102117	5.6592578888	0.0000000000
0.6515217945	5.6509552002	0.0000000000
0.6515333504	5.6665611267	0.0000000000
0.6515449379	5.6542320251	0.0000000000
0.6515564984	5.7071733475	0.0000000000
0.6515680749	5.7182841301	0.0000000000
0.6515796497	5.7573089600	0.0000000000
0.6515912386	5.7472910881	0.0000000000
0.6516027910	5.7241816521	0.0000000000
0.6516143673	5.7400527000	0.0000000000
0.6516259521	5.6838903427	0.0000000000
0.6516375276	5.6682810783	0.0000000000
0.6516490878	5.6750531197	0.0000000000
0.6516606635	5.6898260117	0.0000000000
0.6516722430	5.7073574066	0.0000000000
0.6516838147	5.7467503548	0.0000000000
0.6516953883	5.7425546646	0.0000000000
0.6517069756	5.7223324776	0.0000000000
0.6517185403	5.6850061417	0.0000000000
0.6517301051	5.6927700043	0.0000000000
0.6517416806	5.7152996063	0.0000000000
0.6517532573	5.6994147301	0.0000000000
0.6517648481	5.6608014107	0.0000000000
0.6517764107	5.7025537491	0.0000000000
0.6517879824	5.7135772705	0.0000000000
0.6517995509	5.6732702255	0.0000000000
0.6518111319	5.6684694290	0.0000000000
0.6518227086	5.6952290535	0.0000000000
0.6518342877	5.6879458427	0.0000000000
0.6518458662	5.6892600060	0.0000000000
0.6518574382	5.7416715622	0.0000000000
0.6518690030	5.7254161835	0.0000000000
0.6518805673	5.6730155945	0.0000000000
0.6518921426	5.7091412544	0.0000000000
0.6519037193	5.6808543205	0.0000000000
0.6519152934	5.6471471786	0.0000000000
0.6519268825	5.6949725151	0.0000000000
0.6519384456	5.6551976204	0.0000000000
0.6519500149	5.6755485535	0.0000000000
0.6519615922	5.6429271698	0.0000000000
0.6519731615	5.7232079506	0.0000000000
0.6519847449	5.6678004265	0.0000000000
0.6519963177	5.6762089729	0.0000000000
0.6520078881	5.6743402481	0.0000000000
0.6520194648	5.7199654579	0.0000000000
0.6520310304	5.7180619240	0.0000000000
0.6520426065	5.7178034782	0.0000000000
0.6520541847	5.6606130600	0.0000000000
0.6520657646	5.7297554016	0.0000000000
0.6520773384	5.7018914223	0.0000000000
0.6520889065	5.7179765701	0.0000000000
0.6521004837	5.7488522530	0.0000000000
0.6521120493	5.7541728020	0.0000000000
0.6521236301	5.7526774406	0.0000000000
0.6521351961	5.5897860527	0.0000000000
0.6521467753	5.5929584503	0.0000000000
0.6521583521	5.6200275421	0.0000000000
0.6521699256	5.6334905624	0.0000000000
0.6521815124	5.7283916473	0.0000000000
0.6521930728	5.5953907967	0.0000000000
0.6522046577	5.6161165237	0.0000000000
0.6522162166	5.7286772728	0.0000000000
0.6522277944	5.6010375023	0.0000000000
0.6522393713	5.5945014954	0.0000000000
0.6522509415	5.5926218033	0.0000000000
0.6522625209	5.5928893089	0.0000000000
0.6522740911	5.5931482315	0.0000000000
0.6522856646	5.5945415497	0.0000000000
0.6522972514	5.5976738930	0.0000000000
0.6523088108	5.5965290070	0.0000000000
0.6523203845	5.5983128548	0.0000000000
0.6523319661	5.5991854668	0.0000000000
0.6523435499	5.5965952873	0.0000000000
0.6523551186	5.5975999832	0.0000000000
0.6523666985	5.5943822861	0.0000000000
0.6523782652	5.5963425636	0.0000000000
0.6523898239	5.5988225937	0.0000000000
0.6524014183	5.5975556374	0.0000000000
0.6524129854	5.5921978951	0.0000000000
0.6524245533	5.5948815346	0.0000000000
0.6524361422	5.6011924744	0.0000000000
0.6524476993	5.5971918106	0.0000000000
0.6524592763	5.5954627991	0.0000000000
0.6524708444	5.5919437408	0.0000000000
0.6524824276	5.5941252708	0.0000000000
0.6524940007	5.5937094688	0.0000000000
0.6525055712	5.5914163589	0.0000000000
0.6525171552	5.5950169563	0.0000000000
0.6525287229	5.5889267921	0.0000000000
0.6525402988	5.5892701149	0.0000000000
0.6525518624	5.5952382088	0.0000000000
0.6525634443	5.5961489677	0.0000000000
0.6525750209	5.5980534554	0.0000000000
0.6525865872	5.5843844414	0.0000000000
0.6525981600	5.5971574783	0.0000000000
0.6526097352	5.5894765854	0.0000000000
0.6526213250	5.5882925987	0.0000000000
0.6526328849	5.5946440697	0.0000000000
0.6526444618	5.5943140984	0.0000000000
0.6526560421	5.5939364433	0.0000000000
0.6526676093	5.5945081711	0.0000000000
0.6526791900	5.5929245949	0.0000000000
0.6526907582	5.6039185524	0.0000000000
0.6527023269	5.5992302895	0.0000000000
0.6527138967	5.5966143608	0.0000000000
0.6527254781	5.5963554382	0.0000000000
0.6527370483	5.6023559570	0.0000000000
0.6527486260	5.5971441269	0.0000000000
0.6527602124	5.5949831009	0.0000000000
0.6527717704	5.5974421501	0.0000000000
0.6527833465	5.5941247940	0.0000000000
0.6527949190	5.5984649658	0.0000000000
0.6528064932	5.6007294655	0.0000000000
0.6528180622	5.6038503647	0.0000000000
0.6528296385	5.6060466766	0.0000000000
0.6528412213	5.6054630280	0.0000000000
0.6528527953	5.6014552116	0.0000000000
0.6528643683	5.6029496193	0.0000000000
0.6528759325	5.6100158691	0.0000000000
0.6528875114	5.6138691902	0.0000000000
0.6528990918	5.6053953171	0.0000000000
0.6529106651	5.6046147346	0.0000000000
0.6529222302	5.5988397598	0.0000000000
0.6529338119	5.5999255180	0.0000000000
0.6529453817	5.6006908417	0.0000000000
0.6529569549	5.6003518105	0.0000000000
0.6529685371	5.6019301414	0.0000000000
0.6529801025	5.6021518707	0.0000000000
0.6529916808	5.6101636887	0.0000000000
0.6530032514	5.6073837280	0.0000000000
0.6530148258	5.6088943481	0.0000000000
0.6530264054	5.6097521782	0.0000000000
0.6530379748	5.6004700661	0.0000000000
0.6530495528	5.5980958939	0.0000000000
0.6530611241	5.5963759422	0.0000000000
0.6530727005	5.6012434959	0.0000000000
0.6530842689	5.5998926163	0.0000000000
0.6530958407	5.6057014465	0.0000000000
0.6531074150	5.6066989899	0.0000000000
0.6531189901	5.6034049988	0.0000000000
0.6531305768	5.6048460007	0.0000000000
0.6531421358	5.6079430580	0.0000000000
0.6531537212	5.6206960678	0.0000000000
0.6531653021	5.6210694313	0.0000000000
0.6531768674	5.6178636551	0.0000000000
0.6531884350	5.6161646843	0.0000000000
0.6532000105	5.6180200577	0.0000000000
0.6532115835	5.6119689941	0.0000000000
0.6532231644	5.6103353500	0.0000000000
0.6532347456	5.6101293564	0.0000000000
0.6532463020	5.5990095139	0.0000000000
0.6532578925	5.5937991142	0.0000000000
0.6532694587	5.5974292755	0.0000000000
0.6532810333	5.6049437523	0.0000000000
0.6532925996	5.5996036530	0.0000000000
0.6533041742	5.6080369949	0.0000000000
0.6533157470	5.6062788963	0.0000000000
0.6533273297	5.6048116684	0.0000000000
0.6533388941	5.6024065018	0.0000000000
0.6533504700	5.6053609848	0.0000000000
0.6533620420	5.6145510674	0.0000000000
0.6533736206	5.6222743988	0.0000000000
0.6533851933	5.6244707108	0.0000000000
0.6533967651	5.6193442345	0.0000000000
0.6534083573	5.6155500412	0.0000000000
0.6534199165	5.6204786301	0.0000000000
0.6534314857	5.6171331406	0.0000000000
0.6534430600	5.6223425865	0.0000000000
0.6534546382	5.6144351959	0.0000000000
0.6534662065	5.6163940430	0.0000000000
0.6534777957	5.6257739067	0.0000000000
0.6534893673	5.6211757660	0.0000000000
0.6535009385	5.6195955276	0.0000000000
0.6535125200	5.6192588806	0.0000000000
0.6535240982	5.6069040298	0.0000000000
0.6535356523	5.6049714088	0.0000000000
0.6535472350	5.6084485054	0.0000000000
0.6535588084	5.6176762581	0.0000000000
0.6535703844	5.6125822067	0.0000000000
0.6535819480	5.6170134544	0.0000000000
0.6535935207	5.6183052063	0.0000000000
0.6536051116	5.6155495644	0.0000000000
0.6536166702	5.6145849228	0.0000000000
0.6536282435	5.6203823090	0.0000000000
0.6536398185	5.6181397438	0.0000000000
0.6536513978	5.6142125130	0.0000000000
0.6536629857	5.6149153709	0.0000000000
0.6536745520	5.6176257133	0.0000000000
0.6536861177	5.6149244308	0.0000000000
0.6536977075	5.6098036766	0.0000000000
0.6537092724	5.6184067726	0.0000000000
0.6537208401	5.6246232986	0.0000000000
0.6537324195	5.6187067032	0.0000000000
0.6537439859	5.6281642914	0.0000000000
0.6537555723	5.6301474571	0.0000000000
0.6537671420	5.6299405098	0.0000000000
0.6537787291	5.6263914108	0.0000000000
0.6537902898	5.6263899803	0.0000000000
0.6538018554	5.6278681755	0.0000000000
0.6538134277	5.6250481606	0.0000000000
0.6538250094	5.6235599518	0.0000000000
0.6538365808	5.6271705627	0.0000000000
0.6538481587	5.6235609055	0.0000000000
0.6538597350	5.6304373741	0.0000000000
0.6538713035	5.6256937981	0.0000000000
0.6538828772	5.6148567200	0.0000000000
0.6538944467	5.6260671616	0.0000000000
0.6539060232	5.6277632713	0.0000000000
0.6539176031	5.6278662682	0.0000000000
0.6539291729	5.6251330376	0.0000000000
0.6539407420	5.6286997795	0.0000000000
0.6539523347	5.6290841103	0.0000000000
0.6539638968	5.6258635521	0.0000000000
0.6539754749	5.6241269112	0.0000000000
0.6539870415	5.6207652092	0.0000000000
0.6539986184	5.6158585548	0.0000000000
0.6540101913	5.6233325005	0.0000000000
0.6540217738	5.6218624115	0.0000000000
0.6540333537	5.6303706169	0.0000000000
0.6540449086	5.6315536499	0.0000000000
0.6540564922	5.6328754425	0.0000000000
0.6540680611	5.6301774979	0.0000000000
0.6540796329	5.6272220612	0.0000000000
0.6540912208	5.6163392067	0.0000000000
0.6541027975	5.6196322441	0.0000000000
0.6541143524	5.6286997795	0.0000000000
0.6541259363	5.6232185364	0.0000000000
0.6541375110	5.6256699562	0.0000000000
0.6541490785	5.6268367767	0.0000000000
0.6541606511	5.6222276688	0.0000000000
0.6541722285	5.6224632263	0.0000000000
0.6541837958	5.6296000481	0.0000000000
0.6541953731	5.6314687729	0.0000000000
0.6542069452	5.6284794807	0.0000000000
0.6542185308	5.6268372536	0.0000000000
0.6542300936	5.6277146339	0.0000000000
0.6542416673	5.6303815842	0.0000000000
0.6542532635	5.6295475960	0.0000000000
0.6542648360	5.6316609383	0.0000000000
0.6542763911	5.6364459991	0.0000000000
0.6542879808	5.6353282928	0.0000000000
0.6542995415	5.6349349022	0.0000000000
0.6543111200	5.6357927322	0.0000000000
0.6543226936	5.6357336044	0.0000000000
0.6543342586	5.6356654167	0.0000000000
0.6543458434	5.6349520683	0.0000000000
0.6543574059	5.6347990036	0.0000000000
0.6543690030	5.6331849098	0.0000000000
0.6543805642	5.6321544647	0.0000000000
0.6543921275	5.6320462227	0.0000000000
0.6544037070	5.6320180893	0.0000000000
0.6544152773	5.6298208237	0.0000000000
0.6544268602	5.6301136017	0.0000000000
0.6544384246	5.6317405701	0.0000000000
0.6544500091	5.6318292618	0.0000000000
0.6544615748	5.6340684891	0.0000000000
0.6544731513	5.6352772713	0.0000000000
0.6544847303	5.6385197639	0.0000000000
0.6544963044	5.6387982368	0.0000000000
0.6545078730	5.6388406754	0.0000000000
0.6545194618	5.6381244659	0.0000000000
0.6545310235	5.6354093552	0.0000000000
0.6545425906	5.6348490715	0.0000000000
0.6545541751	5.6338877678	0.0000000000
0.6545657417	5.6340684891	0.0000000000
0.6545773123	5.6356644630	0.0000000000
0.6545888861	5.6359877586	0.0000000000
0.6546004611	5.6374049187	0.0000000000
0.6546120335	5.6366229057	0.0000000000
0.6546236198	5.6370100975	0.0000000000
0.6546351953	5.6383137703	0.0000000000
0.6546467764	5.6384334564	0.0000000000
0.6546583324	5.6365823746	0.0000000000
0.6546699099	5.6377301216	0.0000000000
0.6546814969	5.6392574310	0.0000000000
0.6546930695	5.6390619278	0.0000000000
0.6547046488	5.6354837418	0.0000000000
0.6547162100	5.6356477737	0.0000000000
0.6547277815	5.6368637085	0.0000000000
0.6547393567	5.6394453049	0.0000000000
0.6547509271	5.6373128891	0.0000000000
0.6547625035	5.6358265877	0.0000000000
0.6547740869	5.6375589371	0.0000000000
0.6547856505	5.6371059418	0.0000000000
0.6547972230	5.6368880272	0.0000000000
0.6548088031	5.6378169060	0.0000000000
0.6548203747	5.6379070282	0.0000000000
0.6548319414	5.6352233887	0.0000000000
0.6548435241	5.6363220215	0.0000000000
0.6548550996	5.6379194260	0.0000000000
0.6548666750	5.6366496086	0.0000000000
0.6548782493	5.6377301216	0.0000000000
0.6548898186	5.6325049400	0.0000000000
0.6549014065	5.6352291107	0.0000000000
0.6549129796	5.6349859238	0.0000000000
0.6549245322	5.6356310844	0.0000000000
0.6549361108	5.6363072395	0.0000000000
0.6549476847	5.6368370056	0.0000000000
0.6549592744	5.6362085342	0.0000000000
0.6549708296	5.6385865211	0.0000000000
0.6549824237	5.6379365921	0.0000000000
0.6549939792	5.6410489082	0.0000000000
0.6550055628	5.6422762871	0.0000000000
0.6550171305	5.6403698921	0.0000000000
0.6550287083	5.6396007538	0.0000000000
0.6550402824	5.6420350075	0.0000000000
0.6550518548	5.6427989006	0.0000000000
0.6550634246	5.6420512199	0.0000000000
0.6550749983	5.6430840492	0.0000000000
0.6550865746	5.6466503143	0.0000000000
0.6550981554	5.6477479935	0.0000000000
0.6551097259	5.6438684464	0.0000000000
0.6551213009	5.6441459656	0.0000000000
0.6551328711	5.6452612877	0.0000000000
0.6551444576	5.6413841248	0.0000000000
0.6551560251	5.6426630020	0.0000000000
0.6551675899	5.6463828087	0.0000000000
0.6551791789	5.6492743492	0.0000000000
0.6551907483	5.6513252258	0.0000000000
0.6552023170	5.6533799171	0.0000000000
0.6552138915	5.6586918831	0.0000000000
0.6552254741	5.6569762230	0.0000000000
0.6552370413	5.6518011093	0.0000000000
0.6552486138	5.6441574097	0.0000000000
0.6552601883	5.6393432617	0.0000000000
0.6552717529	5.6397075653	0.0000000000
0.6552833356	5.6412301064	0.0000000000
0.6552949116	5.6452612877	0.0000000000
0.6553064757	5.6489672661	0.0000000000
0.6553180528	5.6553473473	0.0000000000
0.6553296327	5.6526026726	0.0000000000
0.6553412023	5.6542296410	0.0000000000
0.6553527811	5.6547122002	0.0000000000
0.6553643459	5.6484718323	0.0000000000
0.6553759294	5.6450381279	0.0000000000
0.6553875074	5.6490173340	0.0000000000
0.6553990787	5.6464338303	0.0000000000
0.6554106468	5.6462631226	0.0000000000
0.6554222209	5.6462960243	0.0000000000
0.6554337882	5.6484203339	0.0000000000
0.6554453636	5.6474046707	0.0000000000
0.6554569490	5.6505947113	0.0000000000
0.6554685154	5.6496777534	0.0000000000
0.6554800958	5.6492748260	0.0000000000
0.6554916636	5.6550107002	0.0000000000
0.6555032363	5.6660342216	0.0000000000
0.6555148170	5.6670799255	0.0000000000
0.6555263822	5.5513310432	0.0000000000
0.6555379655	5.6107983589	0.0000000000
0.6555495476	5.6386046410	0.0000000000
0.6555611135	5.6393337250	0.0000000000
0.6555726777	5.6460766792	0.0000000000
0.6555842519	5.6499824524	0.0000000000
0.6555958339	5.6481766701	0.0000000000
0.6556074210	5.6437854767	0.0000000000
0.6556189795	5.6442937851	0.0000000000
0.6556305543	5.6493091583	0.0000000000
0.6556421277	5.6548409462	0.0000000000
0.6556537037	5.6588988304	0.0000000000
0.6556652686	5.6585102081	0.0000000000
0.6556768503	5.6555695534	0.0000000000
0.6556884293	5.6590862274	0.0000000000
0.6556999997	5.6562175751	0.0000000000
0.6557115750	5.6529107094	0.0000000000
0.6557231596	5.6520705223	0.0000000000
0.6557347152	5.6544499397	0.0000000000
0.6557463045	5.6604752541	0.0000000000
0.6557578632	5.6612448692	0.0000000000
0.6557694378	5.6552801132	0.0000000000
0.6557810125	5.6581087112	0.0000000000
0.6557925935	5.6578860283	0.0000000000
0.6558041569	5.6574740410	0.0000000000
0.6558157418	5.4288311005	0.0000000000
0.6558273172	5.4888691902	0.0000000000
0.6558388918	5.6022386551	0.0000000000
0.6558504576	5.6338977814	0.0000000000
0.6558620494	5.6371307373	0.0000000000
0.6558736020	5.6404719353	0.0000000000
0.6558851818	5.6411681175	0.0000000000
0.6558967653	5.6412301064	0.0000000000
0.6559083232	5.6442255974	0.0000000000
0.6559198970	5.6451931000	0.0000000000
0.6559314834	5.6453118324	0.0000000000
0.6559430523	5.6434364319	0.0000000000
0.6559546350	5.6445407867	0.0000000000
0.6559662135	5.6437168121	0.0000000000
0.6559777773	5.6492357254	0.0000000000
0.6559893644	5.6501836777	0.0000000000
0.6560009259	5.6443853378	0.0000000000
0.6560124964	5.6428327560	0.0000000000
0.6560240816	5.6450033188	0.0000000000
0.6560356429	5.6453976631	0.0000000000
0.6560472114	5.6461949348	0.0000000000
0.6560587886	5.6461186409	0.0000000000
0.6560703693	5.6441287994	0.0000000000
0.6560819394	5.6523613930	0.0000000000
0.6560935258	5.6556725502	0.0000000000
0.6561050815	5.6507301331	0.0000000000
0.6561166614	5.6508660316	0.0000000000
0.6561282419	5.6501154900	0.0000000000
0.6561398270	5.6451406479	0.0000000000
0.6561513769	5.6511554718	0.0000000000
0.6561629536	5.6612820625	0.0000000000
0.6561745300	5.6592407227	0.0000000000
0.6561861019	5.6602935791	0.0000000000
0.6561976730	5.6608710289	0.0000000000
0.6562092536	5.6623978615	0.0000000000
0.6562208245	5.6627049446	0.0000000000
0.6562323970	5.6590533257	0.0000000000
0.6562439766	5.6554498672	0.0000000000
0.6562555437	5.6587133408	0.0000000000
0.6562671402	5.6576452255	0.0000000000
0.6562786919	5.6539068222	0.0000000000
0.6562902877	5.6530823708	0.0000000000
0.6563018604	5.6534996033	0.0000000000
0.6563134239	5.6581187248	0.0000000000
0.6563249977	5.6585278511	0.0000000000
0.6563365735	5.6632890701	0.0000000000
0.6563481351	5.6669564247	0.0000000000
0.6563597203	5.6730012894	0.0000000000
0.6563712840	5.6736617088	0.0000000000
0.6563828635	5.6676630974	0.0000000000
0.6563944500	5.6650552750	0.0000000000
0.6564060079	5.6741881371	0.0000000000
0.6564175806	5.6777887344	0.0000000000
0.6564291541	5.6793007851	0.0000000000
0.6564407294	5.6787996292	0.0000000000
0.6564523133	5.6859321594	0.0000000000
0.6564638862	5.6853418350	0.0000000000
0.6564754598	5.6900691986	0.0000000000
0.6564870274	5.6929392815	0.0000000000
0.6564986069	5.6901350021	0.0000000000
0.6565101716	5.6834793091	0.0000000000
0.6565217650	5.6815237999	0.0000000000
0.6565333312	5.6752576828	0.0000000000
0.6565449059	5.6718487740	0.0000000000
0.6565564730	5.6717419624	0.0000000000
0.6565680464	5.6690578461	0.0000000000
0.6565796180	5.6659231186	0.0000000000
0.6565911942	5.6603045464	0.0000000000
0.6566027851	5.6681265831	0.0000000000
0.6566143378	5.6732368469	0.0000000000
0.6566259320	5.6709399223	0.0000000000
0.6566374880	5.6706376076	0.0000000000
0.6566490608	5.6717247963	0.0000000000
0.6566606346	5.6740517616	0.0000000000
0.6566722174	5.6741480827	0.0000000000
0.6566837886	5.6698222160	0.0000000000
0.6566953668	5.6665582657	0.0000000000
0.6567069354	5.6737122536	0.0000000000
0.6567185139	5.6646614075	0.0000000000
0.6567300839	5.6663022041	0.0000000000
0.6567416547	5.6684465408	0.0000000000
0.6567532262	5.6674952507	0.0000000000
0.6567648029	5.6685385704	0.0000000000
0.6567763759	5.6697077751	0.0000000000
0.6567879615	5.6688127518	0.0000000000
0.6567995259	5.6685824394	0.0000000000
0.6568111009	5.6717429161	0.0000000000
0.6568226735	5.6802859306	0.0000000000
0.6568342630	5.6845421791	0.0000000000
0.6568458345	5.6786036491	0.0000000000
0.6568574099	5.6716432571	0.0000000000
0.6568689680	5.6733727455	0.0000000000
0.6568805444	5.6750221252	0.0000000000
0.6568921200	5.6760859489	0.0000000000
0.6569036917	5.6738653183	0.0000000000
0.6569152815	5.6794819832	0.0000000000
0.6569268555	5.6852455139	0.0000000000
0.6569384227	5.6874027252	0.0000000000
0.6569499979	5.6831359863	0.0000000000
0.6569615629	5.6782298088	0.0000000000
0.6569731374	5.6782703400	0.0000000000
0.6569847183	5.6815409660	0.0000000000
0.6569858769	5.6820039749	0.0000000000
